# calibration (2022. 04. 29)
cam0:
  T_cam_imu:
    [0.0038292368707644187, 0.999992628518473, 0.00028258398046981936, 0.008830446726013356,
    -0.016446358759522772, -0.00021957036923825335, 0.999864725386594, 0.006345481841628312,
     0.9998574169493086, -0.0038333663497495674, 0.016445396738539397, -0.16069451703424842,
     0.0, 0.0, 0.0, 1.0]
  cam_overlaps: [1]
  camera_model: pinhole
  distortion_coeffs: [-0.040773494866236354, 0.004018616035201466, -0.006043644863372583,
    0.0034408866114808154]
  distortion_model: equidistant
  intrinsics: [530.4403956737283, 530.3287832730098, 462.66218617966206, 306.84784986700754]
  resolution: [960, 600]
  rostopic: /camera_array/cam0/image_raw
  timeshift_cam_imu: -0.0016084579737223898
cam1:
  T_cam_imu:
    [-0.001430744810662049, 0.9999166476098602, 0.012831632863571085, -0.18336143395627671,
     -0.00533449592228491, -0.01283909510301004, 0.9999033457240711, 0.006957631365553425,
      0.9999847479449584, 0.0013621562298713474, 0.005352420747991832, -0.15987166132247266,
      0.0, 0.0, 0.0, 1.0]
  T_cn_cnm1:
    [0.9999074240958722, 0.012633875544322444, -0.005052566346959648, -0.19308315093246461,
    -0.01257687084081046, 0.999858636304126, 0.011159288862172033, 0.002517342466782484,
     0.005192837164155013, -0.011094710306555846, 0.9999249681078087, 0.0008353447089511838,
     0.0, 0.0, 0.0, 1.0]
  cam_overlaps: [0]
  camera_model: pinhole
  distortion_coeffs: [-0.02662004242642796, -0.032204115531101356, 0.03662603699526294,
    -0.013329438664260547]
  distortion_model: equidistant
  intrinsics: [529.9124501954872, 529.7487469087505, 465.3649269539812, 304.33093794626956]
  resolution: [960, 600]
  rostopic: /camera_array/cam1/image_raw
  timeshift_cam_imu: -0.0015071264284413476
