cam0:
  T_cam_imu:
    [-0.0014198700339927983, 0.9999989484155181, 0.00029518967541173995, 0.06804108675025565,
     -0.9999886289366877, -0.0014211991346667618, 0.004552163259694228, -0.045298765881524025,
      0.004552577996021243, -0.0002887228385889686, 0.9999895952822272, -0.06351975572243351,
      0.0, 0.0, 0.0, 1.0]
  cam_overlaps: [1]
  camera_model: pinhole
  distortion_coeffs: [-0.022634721450639907, -0.006643070668612468, 0.005840227767677229, -0.002615600495771669]
  distortion_model: equidistant
  intrinsics: [360.53225034831297, 360.0540399401688, 364.3493955405858, 233.07474584581112]
  resolution: [752, 480]
  rostopic: /mynteye/left/image_raw
  timeshift_cam_imu: -2.9814411359951713e-05
cam1:
  T_cam_imu:
    [-0.006592992325843039, 0.9998807883835078, -0.013962144311189039, -0.04939127539718291,
     -0.9999688791291282, -0.006531789839263891, 0.004424533278320299, -0.04528293893937436,
      0.004332808030209804, 0.013990880711048238, 0.9998927352628895, -0.06280452332910334,
      0.0, 0.0, 0.0, 1.0]
  T_cn_cnm1:
    [0.9998849766357757, 0.0051083296849291394, -0.014280702570281186, -0.11810024154110094,
    -0.005110651047591791, 0.9999869325915898, -0.00012606319662557727, 0.00035496175249972154,
     0.01427987198613884, 0.0001990323839637512, 0.9998980176208803, -0.0002538475897067944,
     0.0, 0.0, 0.0, 1.0]
  cam_overlaps: [0]
  camera_model: pinhole
  distortion_coeffs: [-0.0073928582438095814, -0.06398585885470441, 0.08460753625981195, -0.037480977896515805]
  distortion_model: equidistant
  intrinsics: [359.7615698139762, 359.579723491512, 377.4120144453167, 241.45153512050393]
  resolution: [752, 480]
  rostopic: /mynteye/right/image_raw
  timeshift_cam_imu: -4.332629065587262e-05
