# calibration (2022. 04. 22, equidistant)
cam0:
  T_cam_imu:
    [-0.0014198700339927983, 0.9999989484155181, 0.00029518967541173995, 0.06804108675025565,
     -0.9999886289366877, -0.0014211991346667618, 0.004552163259694228, -0.045298765881524025,
      0.004552577996021243, -0.0002887228385889686, 0.9999895952822272, -0.06351975572243351,
      0.0, 0.0, 0.0, 1.0]
  cam_overlaps: [1]
  camera_model: pinhole
  distortion_coeffs: [-0.026924021485476672, 0.011611497839419697, -0.01133582667383986,
    0.002006927764360312]
  distortion_model: equidistant
  intrinsics: [358.8551345968878, 359.59869330998345, 366.03808795924635, 233.26432004624246]
  resolution: [752, 480]
  rostopic: /mynteye/left/image_raw
  timeshift_cam_imu: -2.9814411359951713e-05
cam1:
  T_cam_imu:
    [-0.006592992325843039, 0.9998807883835078, -0.013962144311189039, -0.04939127539718291,
     -0.9999688791291282, -0.006531789839263891, 0.004424533278320299, -0.04528293893937436,
      0.004332808030209804, 0.013990880711048238, 0.9998927352628895, -0.06280452332910334,
      0.0, 0.0, 0.0, 1.0]
  T_cn_cnm1:
    [0.9998849766357757, 0.0051083296849291394, -0.014280702570281186, -0.11810024154110094,
    -0.005110651047591791, 0.9999869325915898, -0.00012606319662557727, 0.00035496175249972154,
     0.01427987198613884, 0.0001990323839637512, 0.9998980176208803, -0.0002538475897067944,
     0.0, 0.0, 0.0, 1.0]
  cam_overlaps: [0]
  camera_model: pinhole
  distortion_coeffs: [-0.018569763768572757, -0.012655484908141184, 0.017158815479833153,
    -0.008343262720920537]
  distortion_model: equidistant
  intrinsics: [358.5168982011843, 359.04411735657277, 381.04335189266874, 241.24230436920746]
  resolution: [752, 480]
  rostopic: /mynteye/right/image_raw
  timeshift_cam_imu: -4.332629065587262e-05